10100400 101004018
101004007 101004061      
101004008 101004010        
101004012 101004087       
101004067 101004085
10100100 101001018
101001014 101001107       
101001050 101001064       
101001090 101001094        
10100100 101003022
101003006 101003101      
101003064 101003034      
101003104 101003072        
10100200 101002014
10100600 101006044
101006035 101006048      
101006015 101006053      
10100500 101005018     
101005056 101005052    
10100800 101008016
101008050 101008086      
10101100 101011014
10101300 101013009
10101000 101010003
10101200 101012009
10100900 101009011
10100700 101007001
10210500 102105006
102105028 102105025       
102105009 102105035       
10200900 102008001
10200700 102007012
10200200 102002060
10200100 102001025
10200400 102004032
10200300 102003020
10200500 102005025
10300100 103001082
10301100 103011001
10390400 103012015
10390300 103003011
10390300 103002046
10390500 103015025
10390600 103007014
103007009 103007023  
103007016 103007018     
10301000 103010007
10300400 103004013
10300900 103009010
10300500 103005017
10300600 103006016
10300700 103013005
10310000 103014005
10400500 104005003
10400100 104001004
10400500 104002026
10400300 104003027
10400400 104004020
10410000 104100007
10501000 105010004
105010041 105010063
10500100 105001046
10501200 105012016
10800100 108001009      
10800200 108002015          
10700700 107010004
10800400 108004048